26,5
36,7
31,4
31,1
31,3
34,116
32,5
32,1
32,3
34,2
34,0
28,4
38,35
36,4
35,4
35,1
35,3
30,3
30,1
30,4
36,5
36,1
36,3
29,4
29,5
28,5
29,1
29,3
28,1
28,3
26,4
26,1
26,3
25,4
25,1
25,3
14,5
34,4
34,5
34,3
3,2
3,1
3,3
10,200
10,158
10,246
10,143
10,289
10,247
10,138
10,1
10,288
10,2
10,3
11,20
11,7
11,25
11,28
11,17
11,9
11,1
11,15
11,2
11,3
9,7
9,6
9,1
9,4
9,2
9,3
8,13
8,16
8,4
8,7
8,9
8,8
8,12
8,1
8,17
8,2
8,3
0,318
12,2
12,1
12,3
20,2
20,1
20,3
19,2
19,1
19,3
34,115
34,114
18,1
34,113
18,3
34,112
34,111
34,110
34,109
34,108
34,107
34,106
14,1
34,105
14,4
34,104
34,103
14,3
34,102
34,101
13,1
34,100
13,3
34,99
34,98
34,97
34,96
34,95
34,94
34,93
34,92
34,91
34,90
34,89
34,88
